Face10_cell1_spiketimes.csv PreferredFace+DistractorFace 3.151515 1.060606 3.181818 0.9543269 1.233929 1.285714 15.18 5.713278e-12 0.1463446 0.7640491 0.08960622 0.5405327 0.1702247 0.129064 33 33 33 
Face10_cell1_spiketimes.csv PreferredFace+DistractorObject 3.151515 0.7058824 3.176471 0.9543269 1.075758 1.76431 25.22019 9.174628e-18 0.05613434 0.4306065 0.5132592 0.5405327 0.3512461 0.004336254 33 34 34 
Face100_cell1_spiketimes.csv PreferredFace+DistractorFace 25.93333 7.214286 18.23077 1.093279 0.7501904 2.753165 73.34325 3.061868e-38 0.4558597 0.1484168 0.3957235 0.3575678 0.7140392 0.0009548966 15 14 13 
Face100_cell1_spiketimes.csv PreferredFace+DistractorObject 25.93333 5.375 23.16667 1.093279 1.088372 2 105.3406 2.98091e-59 0.6120697 0.08943864 0.2984916 0.3575678 0.3607495 0.02437324 15 16 12 
Face101_cell1_spiketimes.csv PreferredFace+DistractorFace 20.92857 2 14.8 0.9443423 2.090909 0.9285714 103.6089 3.087659e-53 0.09591985 0.8723903 0.03168988 0.5051157 0.01767513 0.5265236 14 12 15 
Face101_cell1_spiketimes.csv PreferredFace+DistractorObject 20.92857 2.666667 15.2 0.9443423 1.931818 2.078947 91.48512 7.42871e-48 0.4554017 0.3592045 0.1853938 0.5051157 0.03087157 0.01011294 14 12 15 
Face102_cell1_spiketimes.csv PreferredFace+DistractorFace 5 0.03571429 2.84 1.078261 1 1.311033 82.88349 1.140781e-40 0.133064 0.8035232 0.0634128 0.3606792 0.4637948 0.1408285 24 28 25 
Face102_cell1_spiketimes.csv PreferredFace+DistractorObject 5 0 3.04 1.078261 NaN 1.164474 80.58711 NaN NaN NaN NaN 0.3606792 NaN 0.2622661 24 25 25 
Face103_cell1_spiketimes.csv PreferredFace+DistractorFace 6.045455 1.272727 3.909091 0.5746509 1.360544 1.435216 33.4207 1.215746e-18 0.4802424 0.4643268 0.0554308 0.937773 0.1246766 0.08921974 22 22 22 
Face103_cell1_spiketimes.csv PreferredFace+DistractorObject 6.045455 0.3636364 7.052632 0.5746509 1.97619 1.441128 62.09404 2.795867e-40 0.004110995 0.8636925 0.1321965 0.937773 0.00486008 0.1011308 22 22 19 
Face104_cell1_spiketimes.csv PreferredFace+DistractorFace 17.22222 3.541667 14.75 1.931017 2.184655 2.630803 115.3911 3.150534e-62 0.4259814 0.005148573 0.5688701 0.002970441 0.000854983 3.224608e-05 27 24 24 
Face104_cell1_spiketimes.csv PreferredFace+DistractorObject 17.22222 2.928571 18.11111 1.931017 1.085818 2.299198 147.1835 1.995931e-90 0.004236025 0.03782457 0.9579394 0.002970441 0.3456944 0.0001795505 27 28 27 
Face105_cell1_spiketimes.csv PreferredFace+DistractorFace 3.653846 1.88 2.392857 0.8964211 2.008865 1.248756 4.726993 1.101336e-05 0.520957 0.4524256 0.02660638 0.6119426 0.002375363 0.1744465 26 25 28 
Face105_cell1_spiketimes.csv PreferredFace+DistractorObject 3.653846 0.5925926 2.107143 0.8964211 1.331731 1.629002 29.4778 8.635635e-17 0.6285216 0.299453 0.07202544 0.6119426 0.1199996 0.0207614 26 27 28 
Face106_cell1_spiketimes.csv PreferredFace+DistractorFace 13.56 2.380952 12.33333 1.051377 0.734 1.428907 90.38474 3.027321e-49 0.1368157 0.7635829 0.0996014 0.3931868 0.7944159 0.08345041 25 21 24 
Face106_cell1_spiketimes.csv PreferredFace+DistractorObject 13.56 3.166667 11.91304 1.051377 1.885584 0.8769078 78.93007 5.475806e-43 0.1097284 0.8677376 0.02253403 0.3931868 0.006260829 0.6272365 25 24 23 
Face107_cell1_spiketimes.csv PreferredFace+DistractorFace 6.740741 0.9090909 4.642857 1.319104 1.352381 1.726496 54.62077 1.137821e-28 0.6511897 0.2346477 0.1141626 0.1277157 0.1291672 0.01091363 27 22 28 
Face107_cell1_spiketimes.csv PreferredFace+DistractorObject 6.740741 3 6.344828 1.319104 1.135802 1.725543 17.37222 8.969777e-13 0.260971 0.4618324 0.2771966 0.1277157 0.285045 0.009908227 27 28 29 
Face108_cell1_spiketimes.csv PreferredFace+DistractorFace 18.03704 8 19.58333 1.068236 2.49 2.974653 47.83099 1.276987e-36 0.0001916347 0.003785491 0.9960229 0.3696621 5.084403e-05 2.129674e-06 27 26 24 
Face108_cell1_spiketimes.csv PreferredFace+DistractorObject 18.03704 8.392857 18.31034 1.068236 2.624271 2.200565 44.93677 9.416914e-32 0.03526245 0.07800142 0.8867361 0.3696621 8.4624e-06 0.0002521881 27 28 29 
Face109_cell1_spiketimes.csv PreferredFace+DistractorFace 6.222222 1.37931 4.678571 1.376374 1.9375 3.705683 42.91075 4.894629e-29 0.02135638 2.195396e-06 0.9786414 0.09568101 0.002090348 2.522494e-10 27 29 28 
Face109_cell1_spiketimes.csv PreferredFace+DistractorObject 6.222222 0.8333333 5.541667 1.376374 3.304348 2.525989 53.4288 1.639013e-31 0.03460154 0.03668607 0.9287124 0.09568101 1.393112e-07 7.161708e-05 27 24 24 
Face11_cell1_spiketimes.csv PreferredFace+DistractorFace 3.730769 1.5 3.083333 0.676701 0.5217391 0.4488837 9.845402 1.226587e-07 0.2803235 0.7087869 0.01088942 0.8847634 0.9704707 0.9890857 26 24 24 
Face11_cell1_spiketimes.csv PreferredFace+DistractorObject 3.730769 2.37037 3.583333 0.676701 1.335337 0.8473205 1.643832 0.0003669746 0.4059499 0.5746939 0.01898922 0.8847634 0.1178662 0.6725439 26 27 24 
Face110_cell1_spiketimes.csv PreferredFace+DistractorFace 5.192308 0.75 4.304348 2.77363 1.072464 2.057851 42.13248 2.34978e-24 0.4063522 0.1625794 0.4310684 4.818763e-06 0.3676979 0.00245025 26 24 23 
Face110_cell1_spiketimes.csv PreferredFace+DistractorObject 5.192308 0.5416667 5.083333 2.77363 1.602007 1.264433 49.55074 1.276838e-29 0.06210568 0.8643916 0.07350274 4.818763e-06 0.03373984 0.1776076 26 24 24 
Face111_cell1_spiketimes.csv PreferredFace+DistractorFace 11.43478 1.9 10.44444 1.533011 0.9916898 1.500626 73.66434 9.734879e-41 0.2614448 0.604524 0.1340312 0.05236256 0.4670066 0.08384968 23 20 18 
Face111_cell1_spiketimes.csv PreferredFace+DistractorObject 11.43478 1.904762 7.894737 1.533011 1.15 1.237037 76.03945 2.808793e-38 0.262994 0.6984819 0.03852415 0.05236256 0.2887945 0.2203609 23 21 19 
Face12_cell1_spiketimes.csv PreferredFace+DistractorFace 0.8461538 0.04 0.3076923 0.6327273 1 0.98 9.527608 1.827244e-07 0.2806661 0.7049286 0.01440513 0.9201358 0.4615973 0.4906558 26 25 26 
Face12_cell1_spiketimes.csv PreferredFace+DistractorObject 0.8461538 0.1851852 0.6071429 0.6327273 1.261538 0.6514161 4.223485 5.438613e-05 0.4030733 0.5887523 0.008120034 0.9201358 0.1679798 0.9156014 26 27 28 
Face13_cell1_spiketimes.csv PreferredFace+DistractorFace 4.290323 1.84375 3.3125 0.3914787 1.193548 0.86549 13.12601 3.844164e-09 0.4237148 0.5587092 0.01757595 0.9988612 0.2114932 0.680676 31 32 32 
Face13_cell1_spiketimes.csv PreferredFace+DistractorObject 4.290323 2.3 3.37931 0.3914787 0.904048 1.065598 6.877574 2.837888e-06 0.5429162 0.4329682 0.02411279 0.9988612 0.61385 0.3710646 31 30 29 
Face14_cell1_spiketimes.csv PreferredFace+DistractorFace 5.814815 1.481481 3.5 1.654091 1.161538 1.514286 33.50792 1.126444e-18 0.5956721 0.3348521 0.06947577 0.01928415 0.2594081 0.04776755 27 27 26 
Face14_cell1_spiketimes.csv PreferredFace+DistractorObject 5.814815 4.48 5.6 1.654091 1.471726 1.443452 -0.2007457 0.0033477 0.5155861 0.4088692 0.07219707 0.01928415 0.06377489 0.07387501 27 25 25 
Face15_cell1_spiketimes.csv PreferredFace+DistractorFace 9.931034 2.096774 9.666667 1.65377 1.346667 1.179548 78.58576 9.851972e-47 0.08472526 0.8469107 0.06836402 0.01620053 0.09734651 0.2317671 29 31 30 
Face15_cell1_spiketimes.csv PreferredFace+DistractorObject 9.931034 5.322581 9.466667 1.65377 1.79596 0.6828558 18.1306 4.626696e-13 0.1382961 0.8497798 0.01192411 0.01620053 0.004742498 0.8989508 29 31 30 
Face16_cell1_spiketimes.csv PreferredFace+DistractorFace 2.589744 0.4473684 2.371429 1.437207 1.050874 2.383416 29.10977 4.577377e-20 0.02823775 0.006079952 0.9656823 0.0394821 0.3849561 1.030318e-05 39 38 35 
Face16_cell1_spiketimes.csv PreferredFace+DistractorObject 2.589744 0.2972973 2.631579 1.437207 0.9090909 1.672432 36.30914 4.564523e-23 0.05643697 0.5575414 0.3860216 0.0394821 0.6250479 0.006333482 39 37 38 
Face17_cell1_spiketimes.csv PreferredFace+DistractorFace 6.53125 3.5 5.375 1.283994 1.275862 1.017254 11.4943 1.840332e-08 0.4725171 0.5101537 0.01732919 0.1335243 0.1462242 0.4395077 32 30 32 
Face17_cell1_spiketimes.csv PreferredFace+DistractorObject 6.53125 3.580645 6.258065 1.283994 1.224625 1.011684 10.91732 4.764955e-09 0.228537 0.7416855 0.02977745 0.1335243 0.1848793 0.4478111 32 31 31 
Face18_cell1_spiketimes.csv PreferredFace+DistractorFace 6.580645 0.3 3.612903 1.669281 1.183908 2.854167 101.753 3.352468e-52 0.6054559 0.0003022251 0.3942419 0.01217133 0.2272676 2.976501e-07 31 30 31 
Face18_cell1_spiketimes.csv PreferredFace+DistractorObject 6.580645 1.03125 5.419355 1.669281 1.531769 1.325794 66.78096 5.039654e-36 0.3575053 0.5847862 0.0577085 0.01217133 0.02946631 0.10932 31 32 31 
Face19_cell1_spiketimes.csv PreferredFace+DistractorFace 5.366667 0.2580645 5.375 1.034269 3.091667 0.9692423 82.61951 4.814817e-48 0.01982206 0.9485299 0.03164799 0.4143138 2.499839e-08 0.5148953 30 31 32 
Face19_cell1_spiketimes.csv PreferredFace+DistractorObject 5.366667 1.16129 6.870968 1.034269 1.555556 1.501408 41.18444 4.248515e-34 0.0003947526 0.7520039 0.2476014 0.4143138 0.02681178 0.03825372 30 31 31 
Face20_cell1_spiketimes.csv PreferredFace+DistractorFace 5.5625 2.342105 5.1 2.202972 5.545399 1.355455 20.34315 1.762301e-14 0.3166689 0.611816 0.07151512 0.0001274501 3.504491e-25 0.0683398 32 38 40 
Face20_cell1_spiketimes.csv PreferredFace+DistractorObject 5.5625 0.9210526 4.578947 2.202972 1.430888 1.317801 61.35641 4.386208e-34 0.3401679 0.6001685 0.05966368 0.0001274501 0.04326237 0.09343453 32 38 38 
Face21_cell1_spiketimes.csv PreferredFace+DistractorFace 5.451613 1.032258 4.413793 0.8418146 1 1.49721 47.38994 3.786898e-26 0.3986915 0.4904788 0.1108297 0.7125748 0.4656537 0.04409913 31 31 29 
Face21_cell1_spiketimes.csv PreferredFace+DistractorObject 5.451613 0.1612903 5.551724 0.8418146 3.346667 1.268412 92.92902 7.544229e-53 0.01609631 0.9058358 0.07806787 0.7125748 1.605285e-09 0.1553539 31 31 29 
Face22_cell1_spiketimes.csv PreferredFace+DistractorFace 9.548387 2.8 8.413793 2.086486 6.660099 1.897541 54.24905 4.020185e-31 0.3345765 0.2635608 0.4018626 0.0004416799 3.598502e-26 0.002834035 31 30 29 
Face22_cell1_spiketimes.csv PreferredFace+DistractorObject 9.548387 2.107143 7.366667 2.086486 2.71877 1.558589 69.46124 4.643352e-36 0.487658 0.4124375 0.09990453 0.0004416799 3.615865e-06 0.02813944 31 28 30 
Face23_cell1_spiketimes.csv PreferredFace+DistractorFace 10.64286 6.774194 8.62069 0.8158091 0.8139683 0.9065714 10.25881 1.137214e-07 0.4906746 0.4956346 0.01369074 0.7360118 0.7527437 0.6068644 28 31 29 
Face23_cell1_spiketimes.csv PreferredFace+DistractorObject 10.64286 5.172414 9.586207 0.8158091 1.091905 0.8756423 24.37236 2.014396e-15 0.2059044 0.7753052 0.01879037 0.7360118 0.3363486 0.6539242 28 29 29 
Face24_cell1_spiketimes.csv PreferredFace+DistractorFace 8.103448 3.466667 6.096774 0.9021277 0.770557 1.589418 25.20211 6.964302e-15 0.6613705 0.2507749 0.08785461 0.6136732 0.8055791 0.02131997 29 30 31 
Face24_cell1_spiketimes.csv PreferredFace+DistractorObject 8.103448 5.827586 6.827586 0.9021277 1.202029 1.193362 3.036642 0.0001579948 0.596796 0.3781627 0.02488332 0.6136732 0.2124014 0.2208295 29 29 29 
Face25_cell1_spiketimes.csv PreferredFace+DistractorFace 7.384615 2.607143 4.392857 2.113333 0.6062912 1.69196 29.01096 6.009744e-17 0.7030539 0.198273 0.09867304 0.0009390965 0.9455266 0.01375946 26 28 28 
Face25_cell1_spiketimes.csv PreferredFace+DistractorObject 7.384615 2.925926 5.259259 2.113333 0.6027264 0.9008667 23.39268 1.115904e-13 0.3495004 0.6364717 0.0140279 0.0009390965 0.943799 0.6089483 26 27 27 
Face26_cell1_spiketimes.csv PreferredFace+DistractorFace 8.923077 1.820513 6.833333 2.520871 2.395849 4.026481 94.45531 1.221907e-56 0.007126735 3.723927e-10 0.9928733 6.834801e-07 3.028778e-06 1.175973e-14 39 39 36 
Face26_cell1_spiketimes.csv PreferredFace+DistractorObject 8.923077 3.27027 9.384615 2.520871 2.89899 2.241156 47.04058 9.444466e-34 0.002167522 0.01362153 0.984211 6.834801e-07 1.413163e-08 1.794285e-05 39 37 39 
Face27_cell1_spiketimes.csv PreferredFace+DistractorFace 3.56 2.148148 2.833333 2.389513 1.206897 0.971867 2.17027 0.0003124264 0.5571881 0.4290447 0.01345469 0.0001497646 0.2144449 0.4990391 25 27 24 
Face27_cell1_spiketimes.csv PreferredFace+DistractorObject 3.56 2.153846 3.555556 2.389513 1.734286 1.608173 1.860717 9.649855e-05 0.3223358 0.4434569 0.2341108 0.0001497646 0.01278522 0.02566282 25 26 27 
Face28_cell1_spiketimes.csv PreferredFace+DistractorFace 9.551724 3.733333 7.233333 1.85147 1.938424 1.226919 34.99323 2.073285e-19 0.4473663 0.5236533 0.02898043 0.004000893 0.001782815 0.1861032 29 30 30 
Face28_cell1_spiketimes.csv PreferredFace+DistractorObject 9.551724 3.142857 7.633333 1.85147 1.525253 1.522211 44.07545 3.039055e-24 0.5681997 0.3592313 0.07256898 0.004000893 0.03955785 0.03556293 29 28 30 
Face29_cell1_spiketimes.csv PreferredFace+DistractorFace 1.1 0.8571429 0.7586207 1.025078 1.530864 1.37987 -1.66559 0.01768658 0.4645734 0.4528077 0.06493235 0.4277102 0.03824487 0.08695141 30 28 29 
Face29_cell1_spiketimes.csv PreferredFace+DistractorObject 1.1 0.07407407 0.75 1.025078 0.9615385 1.345679 12.91677 6.351359e-09 0.3262883 0.6144834 0.05922828 0.4277102 0.5189752 0.1081993 30 27 28 
Face30_cell1_spiketimes.csv PreferredFace+DistractorFace 5.5 4.193548 4.533333 0.5977961 0.9764103 0.8326572 0.5802449 0.002077399 0.5549238 0.4317029 0.01129592 0.9670983 0.5022827 0.7216477 34 31 30 
Face30_cell1_spiketimes.csv PreferredFace+DistractorObject 5.5 4.354839 4.28125 0.5977961 0.6360494 0.5761714 0.06888472 0.002852584 0.39261 0.5979164 0.006621075 0.9670983 0.9382856 0.9712843 34 31 32 
Face31_cell1_spiketimes.csv PreferredFace+DistractorFace 13.92857 6.428571 15.64 1.653561 1.652675 2.210571 35.67324 5.239693e-29 0.001133903 0.1220726 0.8767935 0.01771412 0.01781659 0.0005691102 28 28 25 
Face31_cell1_spiketimes.csv PreferredFace+DistractorObject 13.92857 2.75 14.68966 1.653561 1.902357 1.454393 107.9232 4.920674e-67 0.01467024 0.8368813 0.1484484 0.01771412 0.003154802 0.0569263 28 28 29 
Face32_cell1_spiketimes.csv PreferredFace+DistractorFace 2.076923 0.625 2.5 1.345185 0.8086957 0.7851852 7.83374 4.963504e-09 0.0232761 0.9543614 0.02236245 0.1160645 0.7241809 0.7768324 26 24 28 
Face32_cell1_spiketimes.csv PreferredFace+DistractorObject 2.076923 0.5862069 2.703704 1.345185 0.6722689 0.7060063 9.859923 1.687429e-11 0.007346465 0.9673156 0.02533794 0.1160645 0.9034921 0.8624334 26 29 27 
Face33_cell1_spiketimes.csv PreferredFace+DistractorFace 2.846154 0.3333333 2 1.396757 2.521739 2.6 25.00186 2.807832e-16 0.2527323 0.01803652 0.7292311 0.08968051 7.394743e-05 2.068482e-05 26 24 26 
Face33_cell1_spiketimes.csv PreferredFace+DistractorObject 2.846154 1.851852 2.769231 1.396757 1.483077 1.308889 0.404066 0.001255604 0.4661296 0.4780209 0.05459386 0.08968051 0.05367677 0.13816 26 27 26 
Face34_cell1_spiketimes.csv PreferredFace+DistractorFace 5.12 4.333333 5.5 0.7050781 0.5502959 0.6007905 -1.129884 0.01197709 0.3621652 0.6103436 0.01551406 0.8519749 0.9687195 0.9319597 25 27 24 
Face34_cell1_spiketimes.csv PreferredFace+DistractorObject 5.12 3.541667 5.28 0.7050781 0.9079284 0.7657828 1.352644 0.0004066724 0.2595209 0.7203485 0.01972389 0.8519749 0.588272 0.7842564 25 24 25 
Face35_cell1_spiketimes.csv PreferredFace+DistractorFace 5.466667 3.655172 4.65625 1.081581 1.412399 0.6735224 2.838726 0.0001776533 0.5351826 0.458344 0.006295798 0.3483842 0.07251503 0.9150612 30 29 32 
Face35_cell1_spiketimes.csv PreferredFace+DistractorObject 5.466667 3.967742 5.064516 1.081581 0.9322493 1.605096 1.261394 0.0006490735 0.5509599 0.320842 0.127549 0.3483842 0.5721601 0.01914007 30 31 31 
Face36_cell1_spiketimes.csv PreferredFace+DistractorFace 5.206897 3.233333 4 0.7459792 0.953075 1.183333 4.482148 3.013982e-05 0.5784045 0.3946112 0.02695414 0.8300113 0.5372612 0.2249028 29 30 31 
Face36_cell1_spiketimes.csv PreferredFace+DistractorObject 5.206897 2.677419 4.793103 0.7459792 1.827309 1.182939 9.586657 2.777034e-08 0.3514958 0.5955713 0.05293287 0.8300113 0.003720846 0.2312701 29 31 29 
Face37_cell1_spiketimes.csv PreferredFace+DistractorFace 5.785714 3.12 5 1.208048 1.290598 0.8444444 7.860464 6.650452e-07 0.3897105 0.5966663 0.01362253 0.2099938 0.1545234 0.6957091 28 25 28 
Face37_cell1_spiketimes.csv PreferredFace+DistractorObject 5.785714 2.6 4.666667 1.208048 0.6234818 1.17033 11.57769 2.066746e-08 0.457315 0.5150576 0.02762736 0.2099938 0.8920956 0.2502375 28 20 27 
Face38_cell1_spiketimes.csv PreferredFace+DistractorFace 25.9 4.107143 27.51613 1.092664 3.144283 1.35889 241.3314 1.924532e-143 0.002148898 0.9109218 0.08692933 0.333767 6.701457e-08 0.09084813 30 28 31 
Face38_cell1_spiketimes.csv PreferredFace+DistractorObject 25.9 4.517241 27.11111 1.092664 1.938931 1.257881 232.8575 2.934569e-135 0.00428938 0.9415181 0.05419255 0.333767 0.002067499 0.1708321 30 29 27 
Face39_cell1_spiketimes.csv PreferredFace+DistractorFace 4 2.2 2.516129 1.62069 2.45768 1.082906 5.065818 4.292397e-06 0.3985038 0.5780233 0.02346851 0.01861709 2.026555e-05 0.3452229 30 30 31 
Face39_cell1_spiketimes.csv PreferredFace+DistractorObject 4 1.607143 3.967742 1.62069 2.274074 1.55393 12.10756 2.359478e-10 0.1605416 0.6484441 0.1910143 0.01861709 0.0001723708 0.02710491 30 28 31 
Face40_cell1_spiketimes.csv PreferredFace+DistractorFace 8.290323 0.84375 7.129032 0.8057069 1.384707 2.251282 105.6571 2.915796e-57 0.1015129 0.04411547 0.8543717 0.7642238 0.0753192 0.000102884 31 32 31 
Face40_cell1_spiketimes.csv PreferredFace+DistractorObject 8.290323 1.3 6.4 0.8057069 1.334218 1.698276 81.18346 6.449072e-42 0.5162609 0.3024428 0.1812963 0.7642238 0.107698 0.01086464 31 30 30 
Face41_cell1_spiketimes.csv PreferredFace+DistractorFace 3.0625 1.290323 2.6 1.262673 1.508333 1.501326 9.013106 1.107058e-07 0.4878877 0.4102226 0.1018895 0.1495319 0.03658253 0.04056814 32 31 30 
Face41_cell1_spiketimes.csv PreferredFace+DistractorObject 3.0625 0.4193548 3.0625 1.262673 1.712821 1.431205 32.34434 6.512465e-21 0.08754992 0.7699343 0.1425158 0.1495319 0.008866064 0.05668542 32 31 32 
Face42_cell1_spiketimes.csv PreferredFace+DistractorFace 2.666667 0.1666667 2.571429 0.6346154 1.689655 1.481481 35.44451 3.555054e-22 0.08466855 0.7631895 0.152142 0.9234122 0.01154826 0.0512369 27 30 28 
Face42_cell1_spiketimes.csv PreferredFace+DistractorObject 2.666667 0 3.035714 0.6346154 NaN 0.7681917 47.72241 NaN NaN NaN NaN 0.9234122 NaN 0.7982594 27 28 28 
Face43_cell1_spiketimes.csv PreferredFace+DistractorFace 6.282051 1.054054 3.675676 1.155747 2.052707 2.419118 73.27121 2.768695e-39 0.7235925 0.000362151 0.2760453 0.2350997 0.0002011475 4.030989e-06 39 37 37 
Face43_cell1_spiketimes.csv PreferredFace+DistractorObject 6.282051 1.526316 5.526316 1.155747 1.513514 1.278764 55.60962 4.346393e-31 0.3056909 0.6215411 0.07276803 0.2350997 0.02332884 0.1192476 39 38 38 
Face44_cell1_spiketimes.csv PreferredFace+DistractorFace 2.037037 0.1304348 1.346154 3.19021 1.606061 1.482286 21.77834 4.617776e-13 0.3696904 0.5578535 0.07245612 7.316583e-08 0.03574706 0.05702008 27 23 26 
Face44_cell1_spiketimes.csv PreferredFace+DistractorObject 2.037037 0.12 1.962963 3.19021 1.611111 2.25254 23.77688 3.060987e-16 0.03945717 0.1528842 0.8076586 7.316583e-08 0.02959029 0.0002605927 27 25 27 
Face45_cell1_spiketimes.csv PreferredFace+DistractorFace 14.375 4.04 12.52 1.765217 0.8968647 1.35197 70.28773 5.657298e-39 0.2091677 0.7205043 0.07032809 0.013152 0.6076093 0.1162832 24 25 25 
Face45_cell1_spiketimes.csv PreferredFace+DistractorObject 14.375 2.115385 10.52 1.765217 1.449455 1.458492 121.5832 5.648669e-61 0.4440891 0.4740307 0.08188027 0.013152 0.06808919 0.06834448 24 26 25 
Face46_cell1_spiketimes.csv PreferredFace+DistractorFace 11.56 1.416667 9.541667 0.6782007 1.468031 1.576419 103.3256 4.910049e-54 0.3198877 0.5310981 0.1490142 0.8778261 0.0686378 0.03882178 25 24 24 
Face46_cell1_spiketimes.csv PreferredFace+DistractorObject 11.56 1.384615 9.652174 0.6782007 1.622222 1.333743 110.3175 6.361806e-58 0.2408228 0.6805674 0.0786098 0.8778261 0.0255512 0.1353439 25 26 23 
Face47_cell1_spiketimes.csv PreferredFace+DistractorFace 8.285714 0.72 6.689655 0.293742 0.9861111 1.36782 91.17018 3.378544e-47 0.3143701 0.5881673 0.09746261 0.9998662 0.4807848 0.09287482 28 25 29 
Face47_cell1_spiketimes.csv PreferredFace+DistractorObject 8.285714 1.866667 8.344828 0.293742 1.357143 0.8497639 59.56968 2.576987e-37 0.02824058 0.9442716 0.0274878 0.9998662 0.09500958 0.6923931 28 30 29 
Face48_cell1_spiketimes.csv PreferredFace+DistractorFace 2.033333 0.3 2.214286 1.847937 1.413793 1.95221 19.0494 1.101881e-14 0.0406419 0.3873636 0.5719945 0.003605147 0.0688663 0.002181318 30 30 28 
Face48_cell1_spiketimes.csv PreferredFace+DistractorObject 2.033333 0.8125 2.129032 1.847937 0.8287841 1.620202 6.028879 3.687057e-07 0.1697537 0.6078966 0.2223494 0.003605147 0.7359325 0.01723305 30 32 31 
Face49_cell1_spiketimes.csv PreferredFace+DistractorFace 2.478261 0.8095238 2.185185 0.9489633 1.805882 0.7053455 7.217508 8.426009e-07 0.2438319 0.7391061 0.0170612 0.5283386 0.01489853 0.8630944 23 21 27 
Face49_cell1_spiketimes.csv PreferredFace+DistractorObject 2.478261 0.84 2.416667 0.9489633 1.357143 1.256372 7.762937 1.126235e-07 0.1971838 0.7261455 0.07667054 0.5283386 0.1134441 0.1837641 23 25 24 
Face50_cell1_spiketimes.csv PreferredFace+DistractorFace 2.32 0.3333333 1.291667 1.067529 0.9565217 2.186536 17.73454 4.059201e-12 0.5199934 0.07005087 0.4099557 0.3726875 0.5202518 0.0008438484 25 24 24 
Face50_cell1_spiketimes.csv PreferredFace+DistractorObject 2.32 0.48 1.217391 1.067529 0.8888889 1.191558 13.90187 1.210466e-09 0.4883881 0.4837851 0.02782682 0.3726875 0.6189915 0.2425955 25 25 23 
Face51_cell1_spiketimes.csv PreferredFace+DistractorFace 6.90625 0.7 4.870968 1.199095 1 2.035762 85.00408 5.611482e-43 0.3323316 0.1381483 0.5295201 0.2059339 0.4650662 0.0006813396 32 30 31 
Face51_cell1_spiketimes.csv PreferredFace+DistractorObject 6.90625 0.8709677 6.9375 1.199095 1.511111 1.245568 78.60484 2.734619e-46 0.03183069 0.9076842 0.06048513 0.2059339 0.03593051 0.1634052 32 31 32 
Face52_cell1_spiketimes.csv PreferredFace+DistractorFace 5.111111 1.28 3.64 2.11204 0.8802083 1.096154 28.23765 3.725176e-16 0.3730612 0.6032778 0.02366102 0.000777837 0.6313405 0.3377394 27 25 25 
Face52_cell1_spiketimes.csv PreferredFace+DistractorObject 5.111111 1.115385 4.791667 2.11204 1.386207 1.741777 32.96721 9.916694e-21 0.2139038 0.5388388 0.2472575 0.000777837 0.09462934 0.0151294 27 26 24 
Face53_cell1_spiketimes.csv PreferredFace+DistractorFace 3.541667 0.4193548 1.8 1.816368 0.9179487 2.045977 36.24706 1.077156e-20 0.7558598 0.03998025 0.20416 0.009638305 0.5948801 0.0007470771 24 31 30 
Face53_cell1_spiketimes.csv PreferredFace+DistractorObject 3.541667 0.1724138 2.709677 1.816368 1.685714 3.47381 47.43625 1.443278e-32 0.006153988 5.255847e-07 0.9938455 0.009638305 0.01304742 3.965502e-10 24 29 31 
Face54_cell1_spiketimes.csv PreferredFace+DistractorFace 6.333333 1.307692 3.041667 1.76659 1.148235 4.130435 41.28579 6.318648e-28 0.09681292 2.168071e-06 0.9031849 0.01304393 0.2763975 1.014258e-10 24 26 24 
Face54_cell1_spiketimes.csv PreferredFace+DistractorObject 6.333333 1.083333 4.56 1.76659 1.036789 4.551901 45.14598 1.134727e-30 0.003674121 3.00512e-07 0.9963256 0.01304393 0.4123681 7.635947e-13 24 24 25 
Face55_cell1_spiketimes.csv PreferredFace+DistractorFace 2.518519 0.6774194 2.56 0.8359729 1.415873 1.5 13.86203 2.157298e-11 0.1489325 0.6794941 0.1715734 0.7030891 0.06511746 0.05488742 27 31 25 
Face55_cell1_spiketimes.csv PreferredFace+DistractorObject 2.518519 0.8666667 1.517241 0.8359729 1.649867 0.6883117 9.515747 1.612709e-07 0.4199097 0.5729809 0.007109254 0.7030891 0.015247 0.8895104 27 30 29 
Face56_cell1_spiketimes.csv PreferredFace+DistractorFace 5.03125 0.6206897 3.193548 0.5960729 1.083333 0.9481481 54.84648 7.727279e-28 0.2459944 0.7345023 0.0195033 0.9630654 0.3474633 0.5468973 32 29 31 
Face56_cell1_spiketimes.csv PreferredFace+DistractorObject 5.03125 0.4333333 3.258065 0.5960729 1.222812 1.288449 65.43029 7.189994e-33 0.3644007 0.5850035 0.05059581 0.9630654 0.1897827 0.1336834 32 30 31 
Face57_cell1_spiketimes.csv PreferredFace+DistractorFace 11.375 0.2592593 6.04 0.9235547 0.7692308 2.972958 168.9672 6.61147e-83 0.7029114 0.0003389739 0.2967496 0.5663263 0.7915565 1.362468e-06 24 27 25 
Face57_cell1_spiketimes.csv PreferredFace+DistractorObject 11.375 0.2173913 7.461538 0.9235547 2.072727 2.629278 153.3071 1.390772e-75 0.1461674 0.01671044 0.8371222 0.5663263 0.002225544 1.622946e-05 24 23 26 
Face58_cell1_spiketimes.csv PreferredFace+DistractorFace 12.93333 0.78125 7.806452 0.6182012 1.299355 1.592011 195.1954 7.785375e-92 0.4797853 0.4044694 0.1157453 0.9457296 0.1228466 0.02094458 30 32 31 
Face58_cell1_spiketimes.csv PreferredFace+DistractorObject 12.93333 0.3 9.633333 0.6182012 1.183908 1.28493 222.5831 5.080729e-108 0.1357472 0.8011145 0.06313829 0.9457296 0.2272676 0.1396166 30 30 30 
Face59_cell1_spiketimes.csv PreferredFace+DistractorFace 6.625 1.72 4.925926 0.9819524 1.478682 0.7327935 34.08797 4.223797e-19 0.1744562 0.8102056 0.01533817 0.4852168 0.06148039 0.8341999 24 25 27 
Face59_cell1_spiketimes.csv PreferredFace+DistractorObject 6.625 0.5652174 5.869565 0.9819524 1.097902 1.321212 65.16609 3.487523e-36 0.08579393 0.8293074 0.0848987 0.4852168 0.339217 0.1429672 24 23 23 
Face6_cell1_spiketimes.csv PreferredFace+DistractorFace 8.956522 3.192308 6.47619 0.8168579 1.053012 1.491912 31.58004 7.210386e-18 0.534796 0.3983082 0.0668958 0.7077138 0.3904056 0.07251757 23 26 21 
Face6_cell1_spiketimes.csv PreferredFace+DistractorObject 8.956522 3.409091 8.173913 0.8168579 1.359365 1.286267 25.41971 2.036735e-16 0.2060487 0.7260353 0.06791605 0.7077138 0.1253174 0.1660183 23 22 23 
Face60_cell1_spiketimes.csv PreferredFace+DistractorFace 20.07407 1.586207 18.89655 1.471189 3.265528 2.647289 252.1607 8.457162e-140 0.007376863 0.007406968 0.9852162 0.05738753 1.181454e-08 4.840795e-06 27 29 29 
Face60_cell1_spiketimes.csv PreferredFace+DistractorObject 20.07407 1.033333 16.14815 1.471189 1.700779 3.271171 291.5248 1.004872e-149 0.03721354 0.0001795135 0.9626069 0.05738753 0.01067328 3.418362e-08 27 30 27 
Face61_cell1_spiketimes.csv PreferredFace+DistractorFace 16.40741 6.481481 14.44 0.5638132 0.7402198 0.5775623 55.87366 9.950544e-31 0.11018 0.8765015 0.01331859 0.9632535 0.8258896 0.9497169 27 27 25 
Face61_cell1_spiketimes.csv PreferredFace+DistractorObject 16.40741 4.458333 15.5 0.5638132 0.7797643 0.6788219 85.79183 6.819302e-48 0.05186972 0.9310075 0.01712273 0.9632535 0.7610282 0.8713323 27 24 24 
Face62_cell1_spiketimes.csv PreferredFace+DistractorFace 3.84 1.04 3.304348 0.8177083 1.320513 0.8923445 18.44593 2.395643e-12 0.2213486 0.7504623 0.02818906 0.7178894 0.134808 0.6060732 25 25 23 
Face62_cell1_spiketimes.csv PreferredFace+DistractorObject 3.84 1.115385 2.666667 0.8177083 1.601379 1.423913 17.25609 2.698356e-11 0.5362385 0.4080912 0.05567026 0.7178894 0.02892742 0.08552287 25 26 24 
Face63_cell1_spiketimes.csv PreferredFace+DistractorFace 2.222222 0.1923077 1.8 1.95 1.256 2.037037 23.66596 6.914963e-15 0.2788199 0.3115621 0.409618 0.002591324 0.1761137 0.001956016 27 26 25 
Face63_cell1_spiketimes.csv PreferredFace+DistractorObject 2.222222 0.12 2.48 1.95 0.9166667 1.482527 26.70488 2.359393e-18 0.02718811 0.8055917 0.1672202 0.002591324 0.5792668 0.06024303 27 25 25 
Face64_cell1_spiketimes.csv PreferredFace+DistractorFace 16.38095 2.238095 16 0.7537791 2.006383 1.971591 118.9359 1.392021e-69 0.04969854 0.4878657 0.4624358 0.7720666 0.004813009 0.004241979 21 21 23 
Face64_cell1_spiketimes.csv PreferredFace+DistractorObject 16.38095 1.826087 14.95 0.7537791 1.177489 0.8975532 140.1645 6.968151e-77 0.05426448 0.9147045 0.03103097 0.7720666 0.2557935 0.5862424 21 23 20 
Face65_cell1_spiketimes.csv PreferredFace+DistractorFace 27 4.5 20.25 0.805153 2.404444 0.9887279 213.1196 9.473469e-105 0.09407379 0.8829375 0.02298869 0.7287886 0.0001009312 0.4759929 24 26 24 
Face65_cell1_spiketimes.csv PreferredFace+DistractorObject 27 3.32 23.6 0.805153 2.026104 1.18291 246.5816 1.5956e-129 0.1670152 0.78107 0.05191487 0.7287886 0.002109613 0.2439414 24 25 25 
Face66_cell1_spiketimes.csv PreferredFace+DistractorFace 3.428571 1.516129 3.633333 1.737654 0.8737589 0.673521 8.636323 5.758815e-09 0.06761156 0.9174755 0.01491296 0.01011742 0.6642284 0.9068751 28 31 30 
Face66_cell1_spiketimes.csv PreferredFace+DistractorObject 3.428571 0.7666667 3.034483 1.737654 0.9610195 1.070617 23.62879 2.415872e-15 0.2012669 0.7601946 0.03853846 0.01011742 0.5248951 0.3643051 28 30 29 
Face67_cell1_spiketimes.csv PreferredFace+DistractorFace 15.33333 0.9 13.82609 1.26276 1.859649 1.437679 154.5829 2.700307e-81 0.09940026 0.7988495 0.1017502 0.1788727 0.01272983 0.08394609 24 20 23 
Face67_cell1_spiketimes.csv PreferredFace+DistractorObject 15.33333 0.7619048 14.24 1.26276 1.95625 1.634363 166.7551 1.819341e-89 0.1081111 0.6845794 0.2073095 0.1788727 0.006432752 0.02586218 24 21 25 
Face68_cell1_spiketimes.csv PreferredFace+DistractorFace 7.416667 0 5.384615 0.5617978 NaN 1.650286 116.6503 NaN NaN NaN NaN 0.9536749 NaN 0.02156792 24 24 26 
Face68_cell1_spiketimes.csv PreferredFace+DistractorObject 7.416667 0.04 5.458333 0.5617978 1 1.098905 115.1871 1.474062e-57 0.07643142 0.8522498 0.0713188 0.9536749 0.4615973 0.3362736 24 25 24 
Face69_cell1_spiketimes.csv PreferredFace+DistractorFace 7.047619 2.277778 5.863636 2.248649 1.642755 0.8493909 20.94626 2.103904e-13 0.255216 0.7112014 0.03358256 0.001112819 0.04580048 0.6592815 21 18 22 
Face69_cell1_spiketimes.csv PreferredFace+DistractorObject 7.047619 1.25 5.956522 2.248649 0.8315789 2.021898 41.31 1.758929e-24 0.4109094 0.1988546 0.390236 0.001112819 0.6705777 0.003085838 21 20 23 
Face7_cell1_spiketimes.csv PreferredFace+DistractorFace 4.702703 1.575 4.738095 1.002554 1.494098 1.54492 28.28583 2.741055e-20 0.1034575 0.3746281 0.5219144 0.4643499 0.02424833 0.01411753 37 40 42 
Face7_cell1_spiketimes.csv PreferredFace+DistractorObject 4.702703 2.3 4.925 1.002554 1.542921 1.388911 13.28052 5.184817e-12 0.09803986 0.7527114 0.1492488 0.4643499 0.01630963 0.0539095 37 40 40 
Face70_cell1_spiketimes.csv PreferredFace+DistractorFace 5.555556 2.4 5.375 1.901538 1.458333 1.744186 13.62825 7.258919e-11 0.2667496 0.4721512 0.2610992 0.003664867 0.06840084 0.01491422 27 25 24 
Face70_cell1_spiketimes.csv PreferredFace+DistractorObject 5.555556 1.62963 4.923077 1.901538 1.328671 2.50125 27.11586 8.046222e-19 0.1057435 0.01231467 0.8819418 0.003664867 0.121834 4.641761e-05 27 27 26 
Face71_cell1_spiketimes.csv PreferredFace+DistractorFace 9.766667 1.774194 7.689655 0.5061787 1.454545 1.422165 87.85449 2.234741e-45 0.3772163 0.541641 0.08114267 0.9873585 0.05143439 0.068598 30 31 29 
Face71_cell1_spiketimes.csv PreferredFace+DistractorObject 9.766667 2.34375 7.448276 0.5061787 0.9802151 1.204365 71.63321 8.503631e-37 0.3066424 0.6483763 0.04498125 0.9873585 0.4973987 0.2101687 30 32 29 
Face72_cell1_spiketimes.csv PreferredFace+DistractorFace 8.0625 0.1333333 6.466667 1.223806 0.8965517 3.975116 146.1567 7.7482e-79 0.0001818389 7.45272e-07 0.9998174 0.1824268 0.625491 3.06833e-12 32 30 30 
Face72_cell1_spiketimes.csv PreferredFace+DistractorObject 8.0625 0.1851852 6.75 1.223806 0.8461538 1.762689 130.4354 7.706942e-66 0.08893564 0.5205254 0.390539 0.1824268 0.6886967 0.008522954 32 27 28 
Face73_cell1_spiketimes.csv PreferredFace+DistractorFace 5.034483 0.4 2.84375 1.86546 2.862069 2.974477 64.81609 8.864415e-39 0.2501773 2.914552e-07 0.7498224 0.003605705 4.179227e-07 5.42969e-08 29 30 32 
Face73_cell1_spiketimes.csv PreferredFace+DistractorObject 5.034483 0.03571429 2.483871 1.86546 1 3.619913 88.57737 6.531631e-50 0.1762948 5.826041e-08 0.8237052 0.003605705 0.4637948 7.780565e-11 29 28 31 
Face74_cell1_spiketimes.csv PreferredFace+DistractorFace 12.55 2.3 9.888889 1.538897 2.155606 1.8308 71.50457 3.431556e-38 0.3884594 0.4685556 0.142985 0.0623169 0.002445812 0.01929184 20 20 18 
Face74_cell1_spiketimes.csv PreferredFace+DistractorObject 12.55 2.7 10.73684 1.538897 1.992203 1.229847 63.1666 3.181009e-35 0.2059078 0.7447489 0.0493433 0.0623169 0.006197599 0.2259484 20 20 19 
Face75_cell1_spiketimes.csv PreferredFace+DistractorFace 9.931034 3 7.928571 0.6540179 0.8717949 1.288622 50.28591 7.266164e-27 0.3636987 0.5813875 0.05491376 0.9180036 0.6517291 0.1441928 29 27 28 
Face75_cell1_spiketimes.csv PreferredFace+DistractorObject 9.931034 2.285714 8.793103 0.6540179 0.5787037 1.237815 68.67223 7.317739e-38 0.1356125 0.7963658 0.06802163 0.9180036 0.9597228 0.1800176 29 28 29 
Face76_cell1_spiketimes.csv PreferredFace+DistractorFace 5.6 3.068966 5.407407 0.4507389 0.6035313 0.5869336 8.684982 1.124091e-07 0.1861145 0.7971366 0.01674884 0.9951606 0.9505597 0.9523866 30 29 27 
Face76_cell1_spiketimes.csv PreferredFace+DistractorObject 5.6 2.214286 5.548387 0.4507389 0.6475508 0.5507752 19.11733 8.541877e-14 0.05834706 0.9253398 0.01631313 0.9951606 0.9185038 0.9778636 30 28 31 
Face77_cell1_spiketimes.csv PreferredFace+DistractorFace 3.709677 0.06451613 1.827586 0.5605797 0.9666667 1.175202 67.10317 3.946815e-33 0.2977545 0.6592546 0.0429909 0.9747006 0.5175967 0.2392357 31 31 29 
Face77_cell1_spiketimes.csv PreferredFace+DistractorObject 3.709677 0 2.642857 0.5605797 NaN 0.9029029 71.6697 NaN NaN NaN NaN 0.9747006 NaN 0.6092549 31 29 28 
Face78_cell1_spiketimes.csv PreferredFace+DistractorFace 10.84 0.08695652 7.173913 1.027675 0.9545455 2.111846 157.8567 1.248685e-77 0.661931 0.009294125 0.3287749 0.4241876 0.5207381 0.001724583 25 23 23 
Face78_cell1_spiketimes.csv PreferredFace+DistractorObject 10.84 0.04166667 8.166667 1.027675 1 1.689441 167.7706 4.855768e-83 0.3471275 0.2047138 0.4481587 0.4241876 0.4607709 0.02056858 25 24 24 
Face79_cell1_spiketimes.csv PreferredFace+DistractorFace 7.6875 2.125 7.125 0.4113821 1.058824 1.738012 23.27473 7.247634e-16 0.1677472 0.6661624 0.1660904 0.9767349 0.3899134 0.03729151 16 16 16 
Face79_cell1_spiketimes.csv PreferredFace+DistractorObject 7.6875 1.5 8.733333 0.4113821 1.155556 0.5965104 32.37929 5.052625e-24 0.01028771 0.9524997 0.03721261 0.9767349 0.2993313 0.8702419 16 16 15 
Face8_cell1_spiketimes.csv PreferredFace+DistractorFace 4.689655 4.178571 3.37037 2.194853 1.986388 1.532544 -2.324705 0.005373011 0.1090286 0.7638374 0.121761 0.0002645365 0.001686924 0.04038881 29 28 27 
Face8_cell1_spiketimes.csv PreferredFace+DistractorObject 4.689655 2.653846 5.074074 2.194853 2.228986 1.484559 4.832677 5.049755e-07 0.1088639 0.7198026 0.171333 0.0002645365 0.0003950846 0.053229 29 26 27 
Face80_cell1_spiketimes.csv PreferredFace+DistractorFace 10.91304 2.538462 8.962963 0.6407099 0.8581818 1.566116 64.66391 1.350179e-35 0.3189149 0.5385042 0.1425809 0.8980508 0.6670103 0.03311383 23 26 27 
Face80_cell1_spiketimes.csv PreferredFace+DistractorObject 10.91304 3.44 12.11538 0.6407099 0.8255814 1.501079 45.30976 7.744246e-34 0.007368159 0.815359 0.1772728 0.8980508 0.7073055 0.05141365 23 25 26 
Face81_cell1_spiketimes.csv PreferredFace+DistractorFace 5.913043 1.12 5.407407 1.290107 1.883929 2.05216 39.29443 5.127982e-25 0.178148 0.2152784 0.6065736 0.1633533 0.005494437 0.001222734 23 25 27 
Face81_cell1_spiketimes.csv PreferredFace+DistractorObject 5.913043 0.5416667 4.363636 1.290107 0.9598662 2.456349 57.31362 6.639146e-32 0.5390269 0.02120487 0.4397682 0.1633533 0.515612 0.0002187695 23 24 22 
Face82_cell1_spiketimes.csv PreferredFace+DistractorFace 13.73913 5.695652 14.95833 3.0584 3.087439 4.083687 34.76682 3.155248e-33 7.988845e-06 5.218746e-07 0.9999915 1.756534e-06 1.397717e-06 1.545419e-10 23 23 24 
Face82_cell1_spiketimes.csv PreferredFace+DistractorObject 13.73913 2.25 11.375 3.0584 1.285024 2.001433 101.428 3.663747e-54 0.360846 0.3034371 0.3357169 1.756534e-06 0.1625899 0.002963039 23 24 24 
Face83_cell1_spiketimes.csv PreferredFace+DistractorFace 4.086957 1.761905 3.227273 1.04352 1.413514 1.030852 7.749278 7.925107e-07 0.4482259 0.5288591 0.02291424 0.4041358 0.1031543 0.4200381 23 21 22 
Face83_cell1_spiketimes.csv PreferredFace+DistractorObject 4.086957 1.833333 4.095238 1.04352 1.55615 1.65814 6.138399 7.708031e-07 0.2238311 0.5830301 0.193138 0.4041358 0.0665678 0.03237833 23 18 21 
Face84_cell1_spiketimes.csv PreferredFace+DistractorFace 26.52 8.296296 21.16667 1.643791 1.15728 2.32797 123.8416 1.977562e-63 0.6021451 0.05392403 0.3439309 0.0244756 0.2639285 0.0003091298 25 27 24 
Face84_cell1_spiketimes.csv PreferredFace+DistractorObject 26.52 3.52 19.70833 1.643791 1.541667 1.722861 236.7452 2.919483e-115 0.472765 0.4172587 0.1099763 0.0244756 0.04375998 0.01692095 25 25 24 
Face85_cell1_spiketimes.csv PreferredFace+DistractorFace 14.91667 1.074074 11.91667 0.8564489 1.498674 1.006385 175.9072 1.03297e-89 0.133201 0.831456 0.03534299 0.6600348 0.04912567 0.4522231 24 27 24 
Face85_cell1_spiketimes.csv PreferredFace+DistractorObject 14.91667 0.9230769 9.961538 0.8564489 0.9466667 2.212355 179.353 5.253198e-88 0.7528882 0.0266563 0.2204555 0.6600348 0.5386943 0.000448242 24 26 26 
Face87_cell1_spiketimes.csv PreferredFace+DistractorFace 21.57143 4.5 16.39286 3.287712 2.888889 3.277576 161.026 3.470509e-85 0.7798178 8.231603e-07 0.2201813 1.660293e-08 7.56059e-07 1.833724e-08 28 28 28 
Face87_cell1_spiketimes.csv PreferredFace+DistractorObject 21.57143 5.074074 18.57692 3.287712 1.71196 1.637184 142.2995 5.40405e-74 0.2683975 0.600659 0.1309435 1.660293e-08 0.01331088 0.02335155 28 27 26 
Face88_cell1_spiketimes.csv PreferredFace+DistractorFace 7.954545 1.952381 5.681818 0.9515646 1.612195 0.8780952 37.54533 1.472677e-20 0.2174506 0.7599853 0.02256404 0.5223473 0.04076774 0.6210151 22 21 22 
Face88_cell1_spiketimes.csv PreferredFace+DistractorObject 7.954545 3.954545 7 0.9515646 1.841817 1.306122 12.02716 2.600416e-09 0.4107167 0.5256582 0.06362515 0.5223473 0.01072075 0.1571138 22 22 22 
Face89_cell1_spiketimes.csv PreferredFace+DistractorFace 21.12 2.481481 14.33333 1.768939 3.917336 1.927199 209.3576 3.79205e-101 0.6091959 0.2392132 0.1515909 0.01147179 6.305898e-11 0.004802816 25 27 24 
Face89_cell1_spiketimes.csv PreferredFace+DistractorObject 21.12 1.26087 14.70833 1.768939 2.106583 1.752802 238.6465 1.227978e-114 0.5965179 0.2726956 0.1307866 0.01147179 0.001785085 0.01416749 25 23 24 
Face9_cell1_spiketimes.csv PreferredFace+DistractorFace 6.214286 3.6 5.8 1.068966 3.432749 2.172414 2.89824 1.391728e-05 0.3623309 0.3298857 0.3077695 0.3811695 5.618319e-07 0.006690456 14 20 15 
Face9_cell1_spiketimes.csv PreferredFace+DistractorObject 6.214286 4.75 5 1.068966 4.785965 2.953846 -1.44341 0.001397457 0.1308324 0.09683838 0.7709318 0.3811695 2.140057e-09 0.0002491315 14 16 14 
Face90_cell1_spiketimes.csv PreferredFace+DistractorFace 16.94737 4.85 15.45 0.9340925 0.8741183 1.399932 64.16856 2.13181e-37 0.1584537 0.7577622 0.08378415 0.5359494 0.6163892 0.1143532 19 20 20 
Face90_cell1_spiketimes.csv PreferredFace+DistractorObject 16.94737 2.529412 15.15 0.9340925 1.636628 2.989578 97.49801 1.493226e-55 0.0447127 0.01448753 0.9407998 0.5359494 0.051466 1.226376e-05 19 17 20 
Face91_cell1_spiketimes.csv PreferredFace+DistractorFace 18.95455 2.166667 14.41667 0.9520384 2.354515 1.103292 168.0585 1.364988e-84 0.1478277 0.8176163 0.03455605 0.521717 0.0002550288 0.3312085 22 24 24 
Face91_cell1_spiketimes.csv PreferredFace+DistractorObject 18.95455 2.25 14.95455 0.9520384 1.323671 1.556955 165.1905 2.994656e-84 0.3636615 0.532748 0.1035904 0.521717 0.1370637 0.04969802 22 24 22 
Face92_cell1_spiketimes.csv PreferredFace+DistractorFace 9.916667 5.166667 9.708333 0.9462916 1.458626 1.965852 15.27301 2.877707e-12 0.2161483 0.3084766 0.4753751 0.5344919 0.07197629 0.003740776 24 24 24 
Face92_cell1_spiketimes.csv PreferredFace+DistractorObject 9.916667 3.652174 8.181818 0.9462916 0.7619048 1.392593 31.6334 2.525352e-18 0.4014139 0.5399959 0.0585902 0.5344919 0.7763621 0.1082554 24 23 22 
Face93_cell1_spiketimes.csv PreferredFace+DistractorFace 9.176471 2.0625 6.65 1.978365 1.711111 3.660863 35.27016 3.627742e-25 0.1275078 4.169808e-06 0.872488 0.01108918 0.04167577 1.089867e-07 17 16 20 
Face93_cell1_spiketimes.csv PreferredFace+DistractorObject 9.176471 2.133333 6 1.978365 1.129464 2.645833 32.79926 1.486241e-20 0.4273791 0.005333667 0.5672873 0.01108918 0.3249584 0.000351858 17 15 17 
Face95_cell1_spiketimes.csv PreferredFace+DistractorFace 12.16667 2.153846 6.583333 0.4009963 0.9166667 1.283084 43.18382 1.359669e-23 0.244927 0.7069291 0.04814391 0.9563197 0.5289187 0.2267536 12 13 12 
Face95_cell1_spiketimes.csv PreferredFace+DistractorObject 12.16667 2.25 9 0.4009963 0.6031746 1.494949 29.20269 1.785797e-17 0.3198258 0.5965184 0.08365574 0.9563197 0.7538555 0.1254165 12 8 12 
Face96_cell1_spiketimes.csv PreferredFace+DistractorFace 20.92857 9.625 16.8 1.282489 0.8709957 0.9795918 28.22494 1.038348e-16 0.259565 0.7127556 0.0276794 0.2147182 0.5972823 0.4712068 14 16 15 
Face96_cell1_spiketimes.csv PreferredFace+DistractorObject 20.92857 17.1875 18.78571 1.282489 2.07297 2.13893 0.4187872 0.00177132 0.4677384 0.3193455 0.2111448 0.2147182 0.00853246 0.009630292 14 16 14 
Face97_cell1_spiketimes.csv PreferredFace+DistractorFace 7.333333 3.266667 5.714286 0.9480519 1.682216 1.330769 9.19312 1.20566e-07 0.4467355 0.510653 0.04261135 0.5051702 0.05187379 0.1859502 15 15 14 
Face97_cell1_spiketimes.csv PreferredFace+DistractorObject 7.333333 1.5 4.833333 0.9480519 1 1.047022 26.25698 1.632548e-15 0.277208 0.6790015 0.04379047 0.5051702 0.4478117 0.401001 15 14 12 
Face99_cell1_spiketimes.csv PreferredFace+DistractorFace 7.666667 1.818182 9.333333 0.9802372 0.53 1.272727 18.63024 7.962349e-17 0.008179812 0.9194748 0.07234541 0.4616514 0.8702581 0.2329935 12 11 12 
Face99_cell1_spiketimes.csv PreferredFace+DistractorObject 7.666667 1.083333 6.727273 0.9802372 0.9160839 0.3297297 29.01105 1.618692e-18 0.07749066 0.8875673 0.03494204 0.4616514 0.5234814 0.9735371 12 12 11 
